KEY:  6
+----------------------------+---------------------------+---------------------------+----------------------------+----------------------------+
|    [2, [0, 4, 7], 2.0]     |    [9, [0, 3, 7], 2.0]    |    [0, [0, 4, 7], 4.0]    |    [9, [0, 4, 7], 2.0]     |    [9, [0, 3, 7], 2.0]     |
+----------------------------+---------------------------+---------------------------+----------------------------+----------------------------+
|    [7, [0, 4, 7], 2.0]     |    [9, [0, 4, 7], 2.0]    |    [0, [0, 4, 7], 4.0]    |    [4, [0, 3, 7], 2.0]     |  [9, [0, 4, 7, 11], 2.0]   |
+----------------------------+---------------------------+---------------------------+----------------------------+----------------------------+
|    [5, [0, 4, 7], 4.0]     |    [9, [0, 3, 7], 4.0]    |    [0, [0, 4, 7], 4.0]    |    [9, [0, 3, 7], 4.0]     |    [2, [0, 4, 7], 4.0]     |
+----------------------------+---------------------------+---------------------------+----------------------------+----------------------------+
|    [0, [0, 4, 7], 8.0]     |  [5, [0, 4, 7, 11], 4.0]  |    [0, [0, 4, 7], 8.0]    |    [2, [0, 3, 7], 4.0]     |    [4, [0, 3, 7], 2.0]     |
+----------------------------+---------------------------+---------------------------+----------------------------+----------------------------+
|  [5, [0, 4, 7, 11], 2.0]   |    [0, [0, 4, 7], 8.0]    |    [2, [0, 3, 7], 4.0]    |  [5, [0, 4, 7, 11], 4.0]   |    [0, [0, 4, 7], 8.0]     |
+----------------------------+---------------------------+---------------------------+----------------------------+----------------------------+
|    [2, [0, 3, 7], 4.0]     |    [4, [0, 3, 7], 1.0]    |    [0, [0, 3, 7], 1.0]    |    [5, [0, 4, 7], 2.0]     |  [0, [0, 4, 7, 11], 8.0]   |
+----------------------------+---------------------------+---------------------------+----------------------------+----------------------------+
|    [2, [0, 3, 7], 4.0]     |    [4, [0, 3, 7], 2.0]    |  [5, [0, 4, 7, 11], 3.0]  |    [0, [0, 4, 7], 3.0]     |    [2, [0, 3, 7], 2.0]     |
+----------------------------+---------------------------+---------------------------+----------------------------+----------------------------+
|    [9, [0, 4, 7], 2.0]     |  [0, [0, 4, 7, 11], 4.0]  |    [9, [0, 3, 7], 4.0]    |    [7, [0, 4, 7], 2.0]     |    [9, [0, 3, 7], 2.0]     |
+----------------------------+---------------------------+---------------------------+----------------------------+----------------------------+
|    [0, [0, 4, 7], 8.0]     |  [5, [0, 4, 7, 11], 5.0]  |    [9, [0, 3, 7], 3.0]    |  [0, [0, 4, 7, 11], 4.0]   |  [9, [0, 3, 7, 10], 4.0]   |
+----------------------------+---------------------------+---------------------------+----------------------------+----------------------------+
|    [2, [0, 4, 7], 4.0]     |  [0, [0, 4, 7, 11], 8.0]  |  [5, [0, 4, 7, 11], 4.0]  |  [0, [0, 4, 7, 11], 6.0]   |    [0, [0, 4, 7], 2.0]     |
+----------------------------+---------------------------+---------------------------+----------------------------+----------------------------+
|  [2, [0, 3, 7, 10], 4.0]   |  [4, [0, 3, 7, 10], 2.0]  |  [5, [0, 4, 7, 11], 2.0]  |  [0, [0, 4, 7, 11], 8.0]   |  [2, [0, 3, 7, 10], 4.0]   |
+----------------------------+---------------------------+---------------------------+----------------------------+----------------------------+
|  [4, [0, 4, 7, 11], 2.0]   |  [5, [0, 4, 7, 11], 2.0]  |  [0, [0, 4, 7, 11], 8.0]  |  [2, [0, 3, 7, 10], 4.0]   |  [0, [0, 4, 7, 11], 12.0]  |
+----------------------------+---------------------------+---------------------------+----------------------------+----------------------------+
|  [2, [0, 3, 7, 10], 4.0]   |    [4, [0, 3, 7], 2.0]    |  [5, [0, 4, 7, 11], 2.0]  |    [5, [0, 3, 7], 2.0]     |  [0, [0, 4, 7, 11], 2.0]   |
+----------------------------+---------------------------+---------------------------+----------------------------+----------------------------+
|    [9, [0, 3, 7], 3.0]     |    [2, [0, 4, 7], 1.0]    |  [0, [0, 4, 7, 11], 4.0]  |    [9, [0, 3, 7], 4.0]     |    [2, [0, 3, 7], 4.0]     |
+----------------------------+---------------------------+---------------------------+----------------------------+----------------------------+
|    [0, [0, 4, 7], 8.0]     |  [5, [0, 4, 7, 11], 4.0]  |    [9, [0, 3, 7], 4.0]    |    [0, [0, 4, 7], 4.0]     |    [9, [0, 3, 7], 4.0]     |
+----------------------------+---------------------------+---------------------------+----------------------------+----------------------------+
|    [2, [0, 4, 7], 4.0]     |  [0, [0, 4, 7, 11], 8.0]  |  [5, [0, 4, 7, 11], 4.0]  |  [0, [0, 4, 7, 11], 8.0]   |  [2, [0, 3, 7, 10], 4.0]   |
+----------------------------+---------------------------+---------------------------+----------------------------+----------------------------+
|  [4, [0, 3, 7, 10], 2.0]   |  [5, [0, 4, 7, 11], 2.0]  |  [0, [0, 4, 7, 11], 8.0]  |  [2, [0, 3, 7, 10], 4.0]   |  [4, [0, 3, 7, 10], 2.0]   |
+----------------------------+---------------------------+---------------------------+----------------------------+----------------------------+
|  [0, [0, 4, 7, 11], 10.0]  |  [2, [0, 3, 7, 10], 4.0]  |    [4, [0, 4, 7], 2.0]    |  [5, [0, 4, 7, 11], 1.0]   |  [0, [0, 4, 7, 11], 9.0]   |
+----------------------------+---------------------------+---------------------------+----------------------------+----------------------------+
|    [2, [0, 3, 7], 4.0]     |  [5, [0, 4, 7, 11], 4.0]  |    [5, [0, 3, 7], 2.0]    |  [8, [0, 4, 7, 11], 2.0]   |    [9, [0, 3, 7], 4.0]     |
+----------------------------+---------------------------+---------------------------+----------------------------+----------------------------+
|  [0, [0, 4, 7, 11], 4.0]   |    [9, [0, 4, 7], 4.0]    |    [7, [0, 4, 7], 2.0]    |    [2, [0, 4, 7], 2.0]     |    [0, [0, 4, 7], 4.0]     |
+----------------------------+---------------------------+---------------------------+----------------------------+----------------------------+
|    [7, [0, 4, 7], 4.0]     |    [2, [0, 4, 7], 2.0]    |  [5, [0, 4, 7, 11], 2.0]  |    [9, [0, 3, 7], 4.0]     |    [0, [0, 4, 7], 4.0]     |
+----------------------------+---------------------------+---------------------------+----------------------------+----------------------------+
|    [9, [0, 3, 7], 4.0]     |    [7, [0, 4, 7], 4.0]    |  [0, [0, 4, 7, 11], 2.0]  |    [0, [0, 4, 7], 6.0]     |  [5, [0, 4, 7, 11], 4.0]   |
+----------------------------+---------------------------+---------------------------+----------------------------+----------------------------+
|  [0, [0, 4, 7, 11], 4.0]   |    [0, [0, 4, 7], 2.0]    |    [4, [0, 3, 7], 2.0]    |  [2, [0, 3, 7, 10], 4.0]   |    [4, [0, 3, 7], 2.0]     |
+----------------------------+---------------------------+---------------------------+----------------------------+----------------------------+
|  [5, [0, 4, 7, 11], 2.0]   |  [0, [0, 4, 7, 11], 8.0]  |    [2, [0, 3, 7], 4.0]    |    [4, [0, 3, 7], 2.0]     |  [5, [0, 4, 7, 11], 2.0]   |
+----------------------------+---------------------------+---------------------------+----------------------------+----------------------------+
|  [0, [0, 4, 7, 11], 8.0]   |  [2, [0, 3, 7, 10], 4.0]  |  [4, [0, 4, 7, 10], 2.0]  |  [0, [0, 4, 7, 11], 10.0]  |  [2, [0, 3, 7, 10], 4.0]   |
+----------------------------+---------------------------+---------------------------+----------------------------+----------------------------+
|  [4, [0, 4, 7, 11], 2.0]   |  [5, [0, 4, 7, 11], 2.0]  |    [5, [0, 4, 7], 2.0]    |  [0, [0, 4, 7, 11], 2.0]   |             []             |
+----------------------------+---------------------------+---------------------------+----------------------------+----------------------------+
