KEY:  9
+---------------------------+-----------------------+-----------------------+---------------------------+------------------------+
|    [7, [0, 5, 7], 4.0]    |  [0, [0, 4, 7], 4.0]  |  [7, [0, 5, 7], 4.0]  |    [0, [0, 4, 7], 8.0]    |  [7, [0, 4, 7], 4.0]   |
+---------------------------+-----------------------+-----------------------+---------------------------+------------------------+
|    [5, [0, 4, 7], 8.0]    |  [0, [0, 4, 7], 8.0]  |  [5, [0, 4, 7], 8.0]  |    [0, [0, 4, 7], 4.0]    |  [7, [0, 4, 7], 4.0]   |
+---------------------------+-----------------------+-----------------------+---------------------------+------------------------+
|    [5, [0, 4, 7], 8.0]    |  [0, [0, 4, 7], 8.0]  |  [5, [0, 4, 7], 8.0]  |    [0, [0, 4, 7], 6.0]    |  [7, [0, 4, 7], 2.0]   |
+---------------------------+-----------------------+-----------------------+---------------------------+------------------------+
|  [2, [0, 3, 7, 10], 4.0]  |  [5, [0, 4, 7], 4.0]  |  [7, [0, 5, 7], 4.0]  |    [0, [0, 4, 7], 4.0]    |  [7, [0, 5, 7], 4.0]   |
+---------------------------+-----------------------+-----------------------+---------------------------+------------------------+
|    [0, [0, 4, 7], 4.0]    |  [7, [0, 5, 7], 4.0]  |  [0, [0, 4, 7], 4.0]  |    [7, [0, 5, 7], 4.0]    |  [0, [0, 4, 7], 12.0]  |
+---------------------------+-----------------------+-----------------------+---------------------------+------------------------+
|    [5, [0, 4, 7], 8.0]    |  [0, [0, 4, 7], 4.0]  |  [7, [0, 4, 7], 4.0]  |    [5, [0, 4, 7], 8.0]    |  [0, [0, 4, 7], 8.0]   |
+---------------------------+-----------------------+-----------------------+---------------------------+------------------------+
|    [5, [0, 4, 7], 8.0]    |  [0, [0, 4, 7], 4.0]  |  [7, [0, 4, 7], 4.0]  |  [2, [0, 3, 7, 10], 4.0]  |  [5, [0, 4, 7], 4.0]   |
+---------------------------+-----------------------+-----------------------+---------------------------+------------------------+
|    [7, [0, 5, 7], 4.0]    |  [0, [0, 4, 7], 4.0]  |  [7, [0, 5, 7], 4.0]  |    [0, [0, 4, 7], 4.0]    |  [7, [0, 5, 7], 4.0]   |
+---------------------------+-----------------------+-----------------------+---------------------------+------------------------+
|    [0, [0, 4, 7], 4.0]    |  [5, [0, 5, 7], 4.0]  |  [0, [0, 4, 7], 4.0]  |    [7, [0, 5, 7], 4.0]    |  [0, [0, 4, 7], 4.0]   |
+---------------------------+-----------------------+-----------------------+---------------------------+------------------------+
|    [7, [0, 5, 7], 3.0]    |  [5, [0, 4, 7], 1.0]  |  [0, [0, 4, 7], 4.0]  |    [7, [0, 5, 7], 3.0]    |  [0, [0, 4, 7], 5.0]   |
+---------------------------+-----------------------+-----------------------+---------------------------+------------------------+
|    [7, [0, 5, 7], 4.0]    |  [0, [0, 4, 7], 4.0]  |  [5, [0, 5, 7], 2.0]  |    [0, [0, 5, 7], 1.0]    |  [0, [0, 4, 7], 1.0]   |
+---------------------------+-----------------------+-----------------------+---------------------------+------------------------+
|    [5, [0, 4, 7], 2.0]    |  [0, [0, 4, 7], 2.0]  |  [5, [0, 4, 7], 2.0]  |    [0, [0, 5, 7], 1.0]    |  [0, [0, 4, 7], 1.0]   |
+---------------------------+-----------------------+-----------------------+---------------------------+------------------------+
|    [5, [0, 4, 7], 2.0]    |  [0, [0, 4, 7], 2.0]  |  [5, [0, 4, 7], 2.0]  |    [0, [0, 5, 7], 1.0]    |  [0, [0, 4, 7], 1.0]   |
+---------------------------+-----------------------+-----------------------+---------------------------+------------------------+
|    [5, [0, 4, 7], 2.0]    |  [0, [0, 4, 7], 2.0]  |  [5, [0, 4, 7], 2.0]  |    [0, [0, 5, 7], 1.0]    |  [0, [0, 4, 7], 1.0]   |
+---------------------------+-----------------------+-----------------------+---------------------------+------------------------+
|    [5, [0, 4, 7], 2.0]    |  [0, [0, 4, 7], 2.0]  |  [7, [0, 5, 7], 4.0]  |    [0, [0, 4, 7], 4.0]    |  [7, [0, 5, 7], 4.0]   |
+---------------------------+-----------------------+-----------------------+---------------------------+------------------------+
|    [0, [0, 4, 7], 4.0]    |  [7, [0, 5, 7], 4.0]  |  [0, [0, 4, 7], 4.0]  |    [7, [0, 5, 7], 4.0]    |  [0, [0, 4, 7], 9.0]   |
+---------------------------+-----------------------+-----------------------+---------------------------+------------------------+
