KEY:  2
+-----------------------+-----------------------+-----------------------+-----------------------+-----------------------+
|  [2, [0, 3, 7], 4.0]  |  [7, [0, 4, 7], 4.0]  |  [0, [0, 4, 7], 4.0]  |  [9, [0, 3, 7], 4.0]  |  [2, [0, 3, 7], 4.0]  |
+-----------------------+-----------------------+-----------------------+-----------------------+-----------------------+
|  [7, [0, 4, 7], 4.0]  |  [0, [0, 4, 7], 4.0]  |  [9, [0, 3, 7], 4.0]  |  [2, [0, 3, 7], 4.0]  |  [7, [0, 4, 7], 4.0]  |
+-----------------------+-----------------------+-----------------------+-----------------------+-----------------------+
|  [0, [0, 4, 7], 4.0]  |  [9, [0, 3, 7], 4.0]  |  [2, [0, 3, 7], 4.0]  |  [7, [0, 4, 7], 4.0]  |  [0, [0, 4, 7], 4.0]  |
+-----------------------+-----------------------+-----------------------+-----------------------+-----------------------+
|  [9, [0, 3, 7], 4.0]  |  [2, [0, 3, 7], 4.0]  |  [7, [0, 4, 7], 4.0]  |  [0, [0, 4, 7], 4.0]  |  [9, [0, 3, 7], 4.0]  |
+-----------------------+-----------------------+-----------------------+-----------------------+-----------------------+
|  [2, [0, 3, 7], 4.0]  |  [7, [0, 4, 7], 4.0]  |  [0, [0, 4, 7], 4.0]  |  [9, [0, 3, 7], 4.0]  |  [2, [0, 3, 7], 4.0]  |
+-----------------------+-----------------------+-----------------------+-----------------------+-----------------------+
|  [7, [0, 4, 7], 4.0]  |  [0, [0, 4, 7], 4.0]  |  [9, [0, 3, 7], 4.0]  |  [2, [0, 3, 7], 4.0]  |  [7, [0, 4, 7], 4.0]  |
+-----------------------+-----------------------+-----------------------+-----------------------+-----------------------+
|  [0, [0, 4, 7], 4.0]  |  [9, [0, 3, 7], 4.0]  |  [2, [0, 3, 7], 4.0]  |  [7, [0, 4, 7], 4.0]  |  [0, [0, 4, 7], 4.0]  |
+-----------------------+-----------------------+-----------------------+-----------------------+-----------------------+
|  [9, [0, 3, 7], 4.0]  |  [2, [0, 3, 7], 4.0]  |  [7, [0, 4, 7], 4.0]  |  [0, [0, 4, 7], 4.0]  |  [9, [0, 3, 7], 4.0]  |
+-----------------------+-----------------------+-----------------------+-----------------------+-----------------------+
|  [2, [0, 3, 7], 4.0]  |  [7, [0, 4, 7], 4.0]  |  [0, [0, 4, 7], 4.0]  |  [9, [0, 3, 7], 4.0]  |  [2, [0, 3, 7], 4.0]  |
+-----------------------+-----------------------+-----------------------+-----------------------+-----------------------+
|  [7, [0, 4, 7], 4.0]  |  [0, [0, 4, 7], 4.0]  |  [9, [0, 3, 7], 4.0]  |  [2, [0, 3, 7], 4.0]  |  [7, [0, 4, 7], 4.0]  |
+-----------------------+-----------------------+-----------------------+-----------------------+-----------------------+
|  [0, [0, 4, 7], 4.0]  |  [9, [0, 3, 7], 4.0]  |  [2, [0, 3, 7], 4.0]  |  [7, [0, 4, 7], 4.0]  |  [0, [0, 4, 7], 8.0]  |
+-----------------------+-----------------------+-----------------------+-----------------------+-----------------------+
|  [2, [0, 3, 7], 4.0]  |  [7, [0, 4, 7], 4.0]  |  [0, [0, 4, 7], 4.0]  |  [9, [0, 3, 7], 4.0]  |  [2, [0, 3, 7], 4.0]  |
+-----------------------+-----------------------+-----------------------+-----------------------+-----------------------+
|  [7, [0, 4, 7], 4.0]  |  [0, [0, 4, 7], 4.0]  |  [9, [0, 3, 7], 4.0]  |  [2, [0, 3, 7], 4.0]  |  [7, [0, 4, 7], 4.0]  |
+-----------------------+-----------------------+-----------------------+-----------------------+-----------------------+
|  [0, [0, 4, 7], 4.0]  |  [9, [0, 3, 7], 4.0]  |  [2, [0, 3, 7], 4.0]  |  [7, [0, 4, 7], 4.0]  |  [0, [0, 4, 7], 4.0]  |
+-----------------------+-----------------------+-----------------------+-----------------------+-----------------------+
|  [0, [0, 3, 7], 2.0]  |           []          |           []          |           []          |           []          |
+-----------------------+-----------------------+-----------------------+-----------------------+-----------------------+
