 [2, [0, 3, 7, 10], 4.0],
[[7, [0, 5, 7, 10], 4.0],
 [7, [0, 4, 7], 2.0],
 [2, [0, 3, 7, 10], 2.0],
 [4, [0, 3, 7, 10], 2.0],
 [7, [0, 4, 7], 2.0],
 [7, [0, 4, 7, 10], 1.0],
 [2, [0, 3, 7, 10], 3.0],
 [4, [0, 3, 7, 10], 2.0],
 [7, [0, 4, 7], 2.0],
 [2, [0, 3, 7, 10], 4.0],
 [4, [0, 3, 7, 10], 2.0],
 [7, [0, 2, 4, 7, 10], 2.0],
 [2, [0, 3, 7, 10], 4.0],
 [4, [0, 3, 7, 10], 2.0],
 [7, [0, 5, 7, 10], 2.0],
 [7, [0, 4, 7, 10], 1.0],
 [2, [0, 3, 7, 10], 3.0],
 [4, [0, 3, 7, 10], 2.0],
 [7, [0, 2, 4, 7, 10], 2.0],
 [2, [0, 3, 7, 10], 4.0],
 [4, [0, 3, 7, 10], 2.0],
 [7, [0, 4, 7], 2.0],
 [2, [0, 3, 7, 10], 4.0],
 [4, [0, 3, 7, 10], 2.0],
 [7, [0, 4, 7, 10], 2.0],
 [0, [0, 2, 4, 7, 11], 5.0],
 [10, [0, 2, 4, 7, 11], 17.0],
 [10, [0, 4, 7, 11], 2.0],
 [0, [0, 4, 7], 12.0],
 [0, [0, 2, 4, 7, 11], 1.0],
 [10, [0, 2, 4, 7, 11], 17.0],
 [10, [0, 4, 7, 11], 12.0],
 [5, [0, 4, 7, 11], 4.0],
 [2, [0, 3, 7, 10], 2.0],
 [4, [0, 3, 7, 10], 3.0],
 [7, [0, 5, 7, 10], 1.0],
 [7, [0, 2, 3, 7, 10], 1.0],
 [2, [0, 3, 7, 10], 3.0],
 [4, [0, 3, 7, 10], 2.0],
 [7, [0, 5, 7, 10], 2.0],
 [7, [0, 2, 4, 7, 10], 2.0],
 [2, [0, 3, 7, 10], 2.0],
 [4, [0, 3, 7, 10], 2.0],
 [7, [0, 5, 7, 10], 2.0],
 [7, [0, 3, 7, 10], 3.0],
 [2, [0, 3, 7, 10], 1.0],
 [4, [0, 3, 7, 10], 2.0],
 [7, [0, 5, 7, 10], 2.0],
 [7, [0, 2, 4, 7, 10], 3.0],
 [2, [0, 3, 7, 10], 1.0],
 [4, [0, 3, 7, 10], 2.0],
 [7, [0, 3, 7, 10], 2.0],
 [2, [0, 3, 7, 10], 4.0],
 [4, [0, 3, 7, 10], 2.0],
 [7, [0, 3, 7, 10], 2.0],
 [2, [0, 3, 7, 10], 4.0],
 [0, [0, 3, 7, 10], 3.0],
 [7, [0, 3, 7, 10], 1.0],
 [2, [0, 3, 7, 10], 4.0],
 [0, [0, 3, 7, 10], 3.0],
 [7, [0, 3, 7, 10], 1.0],
 [7, [0, 2, 4, 7, 11], 4.0],
 [0, [0, 2, 4, 7, 11], 1.0],
 [10, [0, 2, 4, 7, 11], 17.0],
 [0, [0, 2, 4, 7, 11], 14.0],
 [10, [0, 2, 4, 7, 11], 18.0],
 [9, [0, 3, 7, 10], 16.0],
 [4, [0, 3, 7, 10], 2.0],
 [2, [0, 3, 7, 10], 4.0],
 [9, [0, 3, 7, 10], 10.0],
 [4, [0, 3, 7, 10], 2.0],
 [2, [0, 3, 7, 10], 4.0],
 [9, [0, 3, 7, 10], 10.0],
 [4, [0, 3, 7, 10], 2.0],
 [6, [0, 3, 7, 10], 4.0],
 [2, [0, 3, 7, 10], 1.0],
 [9, [0, 3, 7, 10], 9.0],
 [4, [0, 3, 7, 10], 2.0],
 [6, [0, 3, 7, 10], 4.0],
 [2, [0, 3, 7, 10], 1.0],
 [2, [0, 2, 3, 7, 10], 3.0],
 [2, [0, 3, 7, 10], 2.0],
 [9, [0, 3, 7, 10], 4.0],
 [4, [0, 3, 7, 10], 2.0],
 [11, [0, 3, 7, 10], 2.0],
 [6, [0, 3, 7, 10], 2.0],
 [10, [0, 4, 7, 11], 2.0],
 [7, [0, 4, 7, 10], 1.0],
 [5, [0, 4, 7], 1.0],
 [10, [0, 2, 4, 7, 11], 3.0],
 [5, [0, 2, 4, 7, 11], 2.0],
 [9, [0, 3, 7, 10], 3.0],
 [4, [0, 3, 7, 10], 3.0],
 [11, [0, 3, 7, 10], 1.0],
 [6, [0, 3, 7, 10], 2.0],
 [10, [0, 2, 4, 7, 11], 2.0],
 [5, [0, 2, 4, 7, 11], 2.0],
 [10, [0, 2, 4, 7, 11], 2.0],
 [2, [0, 2, 4, 7, 10], 2.0],
 [9, [0, 3, 7, 10], 2.0],
 [11, [0, 3, 7, 10], 4.0],
 [6, [0, 3, 7, 10], 2.0],
 [10, [0, 2, 4, 7, 11], 2.0],
 [5, [0, 3, 7, 10], 2.0],
 [5, [0, 2, 4, 7, 11], 1.0],
 [10, [0, 2, 4, 7, 11], 1.0],
 [5, [0, 2, 4, 7, 11], 2.0],
 [9, [0, 3, 7, 10], 2.0],
 [11, [0, 3, 7, 10], 4.0],
 [6, [0, 3, 7, 10], 2.0],
 [10, [0, 4, 7, 11], 2.0],
 [5, [0, 4, 7, 11], 2.0],
 [10, [0, 4, 7, 11], 3.0],
 [5, [0, 4, 7, 11], 3.0],
 [9, [0, 3, 7, 10], 3.0],
 [4, [0, 3, 7, 10], 3.0],
 [11, [0, 3, 7, 10], 3.0],
 [6, [0, 3, 7, 10], 3.0],
 [10, [0, 4, 7, 11], 3.0],
 [5, [0, 4, 7, 11], 3.0],
 [10, [0, 4, 7, 11], 3.0],
 [5, [0, 4, 7, 11], 3.0],
 [2, [0, 3, 7, 10], 5.0],
 [5, [0, 4, 7, 10], 1.0],
 [5, [0, 4, 7, 11], 3.0],
 [10, [0, 3, 7, 10], 8.0],
 [2, [0, 3, 7, 10], 1.0],
 [10, [0, 4, 7, 11], 3.0],
 [9, [0, 3, 7, 10], 1.0],
 [9, [0, 4, 7, 10], 1.0],
 [5, [0, 4, 7, 11], 1.0],
 [0, [0, 4, 7, 11], 4.0],
 [7, [0, 4, 7, 10], 1.0],
 [9, [0, 3, 7, 10], 5.0],
 [5, [0, 4, 7, 11], 2.0],
 [0, [0, 4, 7], 7.0],
 [0, [0, 7], 4.0],
 [2, [0, 4, 7, 10], 1.0],
 [5, [0, 7], 1.0]]
