KEY:  2
+---------------------------+---------------------------+----------------------------+---------------------------+----------------------------+
|    [5, [0, 3, 7], 4.0]    |  [7, [0, 4, 7, 10], 4.0]  |  [5, [0, 4, 7, 11], 8.0]   |    [2, [0, 3, 6], 4.0]    |  [7, [0, 4, 7, 10], 4.0]   |
+---------------------------+---------------------------+----------------------------+---------------------------+----------------------------+
|  [0, [0, 4, 7, 11], 8.0]  |    [5, [0, 3, 7], 4.0]    |    [7, [0, 4, 7], 4.0]     |  [5, [0, 4, 7, 11], 8.0]  |  [2, [0, 3, 7, 10], 4.0]   |
+---------------------------+---------------------------+----------------------------+---------------------------+----------------------------+
|    [7, [0, 4, 7], 4.0]    |  [0, [0, 4, 7, 11], 8.0]  |    [5, [0, 3, 7], 4.0]     |    [7, [0, 4, 7], 4.0]    |  [5, [0, 4, 7, 11], 8.0]   |
+---------------------------+---------------------------+----------------------------+---------------------------+----------------------------+
|  [2, [0, 3, 7, 10], 4.0]  |    [7, [0, 4, 7], 4.0]    |  [0, [0, 4, 7, 11], 4.0]   |  [0, [0, 4, 7, 10], 4.0]  |  [5, [0, 4, 7, 11], 8.0]   |
+---------------------------+---------------------------+----------------------------+---------------------------+----------------------------+
|  [2, [0, 3, 7, 10], 8.0]  |    [0, [0, 4, 7], 4.0]    |    [9, [0, 3, 7], 2.0]     |  [9, [0, 4, 7, 10], 2.0]  |  [2, [0, 3, 7, 10], 8.0]   |
+---------------------------+---------------------------+----------------------------+---------------------------+----------------------------+
|    [5, [0, 3, 7], 4.0]    |    [7, [0, 4, 7], 2.0]    |  [7, [0, 4, 7, 10], 2.0]   |  [5, [0, 4, 7, 11], 8.0]  |    [2, [0, 3, 6], 4.0]     |
+---------------------------+---------------------------+----------------------------+---------------------------+----------------------------+
|  [7, [0, 4, 7, 10], 4.0]  |  [0, [0, 4, 7, 11], 8.0]  |    [5, [0, 3, 7], 4.0]     |  [7, [0, 4, 7, 10], 4.0]  |  [5, [0, 4, 7, 11], 12.0]  |
+---------------------------+---------------------------+----------------------------+---------------------------+----------------------------+
|  [4, [0, 3, 7, 10], 4.0]  |  [9, [0, 3, 7, 10], 4.0]  |  [5, [0, 4, 7, 11], 4.0]   |  [4, [0, 3, 7, 10], 4.0]  |  [0, [0, 4, 7, 10], 4.0]   |
+---------------------------+---------------------------+----------------------------+---------------------------+----------------------------+
|  [5, [0, 4, 7, 11], 8.0]  |  [2, [0, 3, 7, 10], 8.0]  |    [0, [0, 4, 7], 4.0]     |  [9, [0, 4, 7, 10], 4.0]  |  [2, [0, 3, 7, 10], 8.0]   |
+---------------------------+---------------------------+----------------------------+---------------------------+----------------------------+
|  [0, [0, 4, 7, 11], 4.0]  |  [0, [0, 4, 7, 10], 4.0]  |  [5, [0, 4, 7, 11], 8.0]   |  [2, [0, 3, 7, 10], 8.0]  |    [0, [0, 4, 7], 4.0]     |
+---------------------------+---------------------------+----------------------------+---------------------------+----------------------------+
|    [9, [0, 4, 7], 4.0]    |  [2, [0, 3, 7, 10], 8.0]  |  [0, [0, 4, 7, 11], 16.0]  |             []            |             []             |
+---------------------------+---------------------------+----------------------------+---------------------------+----------------------------+
