[[0, [0, 7]],
 [5, [0, 4, 7]],
 [10, [0, 4, 7]],
 [0, [0, 4, 7]],
 [0, [0, 7]],
 [5, [0, 4, 7]],
 [0, [0, 4, 7]],
 [3, [0, 4, 7]],
 [5, [0, 4, 7]],
 [7, [0, 4, 7]],
 [0, [0, 4, 7]],
 [3, [0, 4, 7]],
 [5, [0, 4, 7]],
 [7, [0, 3, 7]],
 [0, [0, 4, 7]],
 [3, [0, 4, 7]],
 [5, [0, 4, 7]],
 [7, [0, 3, 7]],
 [0, [0, 4, 7]],
 [3, [0, 4, 7]],
 [2, [0, 3, 7, 10]],
 [10, [0, 4, 7]],
 [3, [0, 4, 7]],
 [2, [0, 3, 7, 10]],
 [7, [0, 5, 7]],
 [7, [0, 3, 7, 10]],
 [9, [0, 4, 7]],
 [9, [0, 3, 7, 10]],
 [3, [0, 4, 7]],
 [2, [0, 3, 7, 10]],
 [5, [0, 4, 7]],
 [0, [0, 3, 7]],
 [4, [0, 3, 7]],
 [0, [0, 4, 7]],
 [3, [0, 4, 7]],
 [5, [0, 4, 7]],
 [7, [0, 3, 7]],
 [0, [0, 4, 7]],
 [3, [0, 4, 7]],
 [5, [0, 4, 7]],
 [7, [0, 3, 7]],
 [0, [0, 4, 7]],
 [3, [0, 4, 7]],
 [5, [0, 4, 7]],
 [0, [0, 4, 7]],
 [3, [0, 4, 7]],
 [2, [0, 3, 7]],
 [10, [0, 4, 7]],
 [3, [0, 4, 7]],
 [2, [0, 3, 7, 10]],
 [7, [0, 2, 3, 7, 10]],
 [9, [0, 5, 7]],
 [7, [0, 3, 7]],
 [3, [0, 4, 7]],
 [2, [0, 3, 7, 10]],
 [5, [0, 4, 7]],
 [7, [0, 4, 7]],
 [3, [0, 4, 7]],
 [2, [0, 3, 7, 10]],
 [5, [0, 4, 7]],
 [4, [0, 3, 7, 10]],
 [7, [0, 3, 7]],
 [3, [0, 4, 7]],
 [5, [0, 4, 7]],
 [7, [0, 4, 7]],
 [0, [0, 4, 7]],
 [3, [0, 4, 7]],
 [5, [0, 4, 7]],
 [0, [0, 4, 7]],
 [3, [0, 4, 7]],
 [5, [0, 4, 7]],
 [7, [0, 3, 7]],
 [0, [0, 4, 7]],
 [3, [0, 4, 7]],
 [5, [0, 4, 7]],
 [7, [0, 3, 7]],
 [0, [0, 4, 7]],
 [3, [0, 4, 7]],
 [2, [0, 3, 7]],
 [10, [0, 4, 7]],
 [4, [0, 3, 7]],
 [8, [0, 4, 7]],
 [7, [0, 3, 7, 10]],
 [4, [0, 3, 7]],
 [8, [0, 4, 7]],
 [7, [0, 3, 7, 10]],
 [4, [0, 3, 7]],
 [8, [0, 4, 7]],
 [7, [0, 3, 7, 10]],
 [2, [0, 3, 7, 10]],
 [3, [0, 4, 7]],
 [2, [0, 3, 7, 10]],
 [7, [0, 4, 7, 10]],
 [9, [0, 4, 7, 10]],
 [7, [0, 4, 7]],
 [3, [0, 4, 7]],
 [2, [0, 3, 7, 10]],
 [5, [0, 4, 7]],
 [7, [0, 4, 7]],
 [3, [0, 4, 7]],
 [2, [0, 3, 7, 10]],
 [5, [0, 4, 7]],
 [4, [0, 3, 7]],
 [3, [0, 4, 7]],
 [5, [0, 4, 7]],
 [7, [0, 4, 7]],
 [0, [0, 4, 7]],
 [3, [0, 4, 7]],
 [5, [0, 4, 7]],
 [7, [0, 4, 7]],
 [0, [0, 4, 7]],
 [3, [0, 4, 7]],
 [5, [0, 4, 7]],
 [7, [0, 4, 7]],
 [0, [0, 4, 7]],
 [3, [0, 4, 7]],
 [5, [0, 4, 7]],
 [7, [0, 4, 7]],
 [0, [0, 4, 7]],
 [3, [0, 4, 7]],
 [2, [0, 3, 7]],
 [7, [0, 4, 7]],
 [0, [0, 4, 7]],
 [10, [0, 4, 7]],
 [2, [0, 3, 7]],
 [7, [0, 4, 7]],
 [0, [0, 4, 7]],
 [10, [0, 4, 7]],
 [2, [0, 3, 7]],
 [7, [0, 4, 7]],
 [0, [0, 4, 7]],
 [10, [0, 4, 7]],
 [0, [0, 4, 7]]]
