KEY:  6
+----------------------------+----------------------------+----------------------------+----------------------------+----------------------------+
|  [11, [0, 4, 7, 11], 4.0]  |    [10, [0, 3, 7], 4.0]    |  [11, [0, 4, 7, 11], 4.0]  |    [10, [0, 3, 7], 4.0]    |  [11, [0, 4, 7, 11], 3.0]  |
+----------------------------+----------------------------+----------------------------+----------------------------+----------------------------+
|  [10, [0, 4, 7, 11], 1.0]  |    [10, [0, 3, 7], 4.0]    |  [11, [0, 4, 7, 11], 2.0]  |  [10, [0, 4, 7, 11], 2.0]  |    [10, [0, 3, 7], 4.0]    |
+----------------------------+----------------------------+----------------------------+----------------------------+----------------------------+
|    [0, [0, 4, 7], 6.0]     |    [6, [0, 4, 7], 2.0]     |  [0, [0, 4, 7, 11], 6.0]   |    [6, [0, 4, 7], 2.0]     |    [4, [0, 3, 7], 6.0]     |
+----------------------------+----------------------------+----------------------------+----------------------------+----------------------------+
|    [6, [0, 4, 7], 2.0]     |    [4, [0, 3, 7], 3.0]     |    [0, [0, 4, 7], 3.0]     |    [6, [0, 4, 7], 2.0]     |  [0, [0, 4, 7, 11], 6.0]   |
+----------------------------+----------------------------+----------------------------+----------------------------+----------------------------+
|    [11, [0, 4, 7], 2.0]    |  [0, [0, 4, 7, 11], 6.0]   |    [11, [0, 4, 7], 2.0]    |  [0, [0, 4, 7, 11], 6.0]   |    [11, [0, 4, 7], 2.0]    |
+----------------------------+----------------------------+----------------------------+----------------------------+----------------------------+
|  [0, [0, 4, 7, 11], 6.0]   |    [11, [0, 4, 7], 2.0]    |  [0, [0, 4, 7, 11], 4.0]   |    [0, [0, 4, 7], 2.0]     |    [11, [0, 4, 7], 2.0]    |
+----------------------------+----------------------------+----------------------------+----------------------------+----------------------------+
|  [0, [0, 4, 7, 11], 6.0]   |    [11, [0, 4, 7], 2.0]    |  [0, [0, 4, 7, 11], 5.0]   |    [0, [0, 4, 7], 1.0]     |    [11, [0, 4, 7], 2.0]    |
+----------------------------+----------------------------+----------------------------+----------------------------+----------------------------+
|  [0, [0, 4, 7, 11], 4.0]   |    [0, [0, 4, 7], 2.0]     |    [11, [0, 4, 7], 2.0]    |    [0, [0, 4, 7], 2.0]     |  [0, [0, 4, 7, 11], 2.0]   |
+----------------------------+----------------------------+----------------------------+----------------------------+----------------------------+
|    [0, [0, 4, 7], 2.0]     |    [11, [0, 4, 7], 2.0]    |  [0, [0, 4, 7, 11], 5.0]   |    [0, [0, 4, 7], 1.0]     |    [11, [0, 4, 7], 2.0]    |
+----------------------------+----------------------------+----------------------------+----------------------------+----------------------------+
|  [0, [0, 4, 7, 11], 4.0]   |    [11, [0, 3, 7], 4.0]    |  [0, [0, 4, 7, 11], 4.0]   |  [11, [0, 3, 7, 10], 4.0]  |    [9, [0, 4, 7], 4.0]     |
+----------------------------+----------------------------+----------------------------+----------------------------+----------------------------+
|  [6, [0, 4, 7, 10], 4.0]   |  [0, [0, 4, 7, 11], 6.0]   |    [11, [0, 4, 7], 2.0]    |  [0, [0, 4, 7, 11], 4.0]   |    [0, [0, 4, 7], 2.0]     |
+----------------------------+----------------------------+----------------------------+----------------------------+----------------------------+
|    [11, [0, 4, 7], 2.0]    |  [0, [0, 4, 7, 11], 4.0]   |    [0, [0, 4, 7], 2.0]     |    [11, [0, 4, 7], 2.0]    |  [0, [0, 4, 7, 11], 6.0]   |
+----------------------------+----------------------------+----------------------------+----------------------------+----------------------------+
|  [11, [0, 4, 7, 10], 2.0]  |  [0, [0, 4, 7, 11], 6.0]   |    [11, [0, 4, 7], 2.0]    |  [0, [0, 4, 7, 11], 4.0]   |    [0, [0, 4, 7], 2.0]     |
+----------------------------+----------------------------+----------------------------+----------------------------+----------------------------+
|  [11, [0, 3, 7, 10], 2.0]  |  [0, [0, 4, 7, 11], 4.0]   |    [0, [0, 4, 7], 2.0]     |    [11, [0, 4, 7], 2.0]    |  [0, [0, 4, 7, 11], 4.0]   |
+----------------------------+----------------------------+----------------------------+----------------------------+----------------------------+
|    [0, [0, 4, 7], 2.0]     |  [11, [0, 4, 7, 10], 2.0]  |  [0, [0, 4, 7, 11], 4.0]   |    [0, [0, 4, 7], 2.0]     |    [11, [0, 4, 7], 2.0]    |
+----------------------------+----------------------------+----------------------------+----------------------------+----------------------------+
|  [0, [0, 4, 7, 11], 4.0]   |    [0, [0, 4, 7], 2.0]     |    [11, [0, 3, 7], 2.0]    |  [0, [0, 4, 7, 11], 4.0]   |  [11, [0, 3, 7, 10], 4.0]  |
+----------------------------+----------------------------+----------------------------+----------------------------+----------------------------+
|  [0, [0, 4, 7, 11], 4.0]   |  [11, [0, 3, 7, 10], 4.0]  |    [9, [0, 4, 7], 4.0]     |  [6, [0, 4, 7, 10], 4.0]   |  [0, [0, 4, 7, 11], 4.0]   |
+----------------------------+----------------------------+----------------------------+----------------------------+----------------------------+
|    [11, [0, 3, 7], 4.0]    |  [0, [0, 4, 7, 11], 4.0]   |  [11, [0, 3, 7, 10], 4.0]  |    [9, [0, 4, 7], 4.0]     |  [6, [0, 4, 7, 10], 4.0]   |
+----------------------------+----------------------------+----------------------------+----------------------------+----------------------------+
|  [0, [0, 4, 7, 11], 4.0]   |  [11, [0, 3, 7, 10], 4.0]  |  [0, [0, 4, 7, 11], 4.0]   |    [11, [0, 3, 7], 4.0]    |  [0, [0, 4, 7, 11], 4.0]   |
+----------------------------+----------------------------+----------------------------+----------------------------+----------------------------+
|  [11, [0, 3, 7, 10], 4.0]  |  [0, [0, 4, 7, 11], 4.0]   |  [11, [0, 3, 7, 10], 4.0]  |  [0, [0, 4, 7, 11], 4.0]   |  [11, [0, 3, 7, 10], 4.0]  |
+----------------------------+----------------------------+----------------------------+----------------------------+----------------------------+
|  [0, [0, 4, 7, 11], 4.0]   |  [11, [0, 3, 7, 10], 4.0]  |  [0, [0, 4, 7, 11], 4.0]   |  [11, [0, 3, 7, 10], 4.0]  |  [0, [0, 4, 7, 11], 4.0]   |
+----------------------------+----------------------------+----------------------------+----------------------------+----------------------------+
|  [11, [0, 3, 7, 10], 4.0]  |  [0, [0, 4, 7, 11], 4.0]   |  [11, [0, 3, 7, 10], 4.0]  |  [0, [0, 4, 7, 11], 4.0]   |    [11, [0, 3, 7], 4.0]    |
+----------------------------+----------------------------+----------------------------+----------------------------+----------------------------+
|  [0, [0, 4, 7, 11], 4.0]   |  [11, [0, 3, 7, 10], 4.0]  |  [0, [0, 4, 7, 11], 4.0]   |  [11, [0, 3, 7, 10], 4.0]  |  [0, [0, 4, 7, 11], 4.0]   |
+----------------------------+----------------------------+----------------------------+----------------------------+----------------------------+
|  [11, [0, 3, 7, 10], 4.0]  |  [0, [0, 4, 7, 11], 4.0]   |    [11, [0, 3, 7], 4.0]    |  [0, [0, 4, 7, 11], 4.0]   |  [11, [0, 3, 7, 10], 4.0]  |
+----------------------------+----------------------------+----------------------------+----------------------------+----------------------------+
|  [0, [0, 4, 7, 11], 4.0]   |  [11, [0, 3, 7, 10], 4.0]  |  [0, [0, 4, 7, 11], 4.0]   |    [11, [0, 3, 7], 4.0]    |  [0, [0, 4, 7, 11], 4.0]   |
+----------------------------+----------------------------+----------------------------+----------------------------+----------------------------+
|    [11, [0, 3, 7], 4.0]    |  [0, [0, 4, 7, 11], 4.0]   |  [11, [0, 3, 7, 10], 4.0]  |  [0, [0, 4, 7, 11], 4.0]   |  [11, [0, 3, 7, 10], 4.0]  |
+----------------------------+----------------------------+----------------------------+----------------------------+----------------------------+
|  [9, [0, 3, 7, 10], 4.0]   |  [11, [0, 3, 7, 10], 4.0]  |    [9, [0, 3, 7], 4.0]     |  [11, [0, 3, 7, 10], 4.0]  |    [9, [0, 3, 7], 4.0]     |
+----------------------------+----------------------------+----------------------------+----------------------------+----------------------------+
|  [11, [0, 3, 7, 10], 3.0]  |             []             |             []             |             []             |             []             |
+----------------------------+----------------------------+----------------------------+----------------------------+----------------------------+
