Main Note: 2
Main Structure: <2 1 2 2 1 2 2>
Generated Notes: [2 4 5 7 9 10 0 2]

Pattern:
  2 (0 2 3 7 10)
     2 4 5 9 0

  1 (0 3 6 9)
     1 4 7 10

  0 (



2, [0, 3, 7, 10], 2

-1, [0, 0, -1, -1]

1, [0, 3, 6, 9], 2

-1, [0, 0, 1, 0]

0, [0, 3,  7,  9], 2

7, [0, 1, 0, 1]

7, [0, 4, 7, 10], 2

3, [0, 0, 0, -1]

10, [0, 4, 7, 9], 2

-7, [0, 0, 0, 2]

3, [0, 4, 7, 11], 2

0, [0, -1, -1, -1]

3, [0, 3, 6, 10], 1

6, [0, 1, 1, 0]

9, [0, 4, 7, 10], 1

-7, [0, -1, 0, 0]

2, [0, 3, 7, 10], 2

-2, [0, 0, 0, -1]

0, [0, 3, 7, 9], 2

4, [0, -1, 0, +1]

4, [0, 4, 7, 10], 2

0, [0, -1, -1, 0]

4, [0, 3, 6, 10],1 

5, [0, 1, 1, 0]

9, [0, 4, 7, 10], 1

-7, [0, -1, 0, 0]

2, [0, 3, 7, 10], 2


