KEY:  9
+------------------------------+---------------------------+---------------------------+---------------------------+---------------------------+
|       [7, [0, 7], 1.0]       |    [0, [0, 4, 7], 3.0]    |    [5, [0, 4, 7], 1.0]    |    [7, [0, 4, 7], 3.0]    |      [7, [0, 7], 2.0]     |
+------------------------------+---------------------------+---------------------------+---------------------------+---------------------------+
|     [0, [0, 4, 7], 4.0]      |    [7, [0, 4, 7], 21.0]   |    [10, [0, 4, 7], 2.0]   |    [0, [0, 4, 7], 3.0]    |    [2, [0, 4, 7], 1.0]    |
+------------------------------+---------------------------+---------------------------+---------------------------+---------------------------+
|     [7, [0, 4, 7], 3.0]      |    [10, [0, 4, 7], 2.0]   |    [0, [0, 4, 7], 3.0]    |    [2, [0, 3, 7], 2.0]    |    [7, [0, 4, 7], 2.0]    |
+------------------------------+---------------------------+---------------------------+---------------------------+---------------------------+
|     [10, [0, 4, 7], 2.0]     |    [0, [0, 4, 7], 3.0]    |    [2, [0, 3, 7], 1.0]    |    [7, [0, 4, 7], 4.0]    |    [10, [0, 4, 7], 1.0]   |
+------------------------------+---------------------------+---------------------------+---------------------------+---------------------------+
|   [9, [0, 3, 7, 10], 3.0]    |    [5, [0, 4, 7], 3.0]    |    [10, [0, 4, 7], 3.0]   |  [9, [0, 3, 7, 10], 3.0]  |    [2, [0, 5, 7], 1.0]    |
+------------------------------+---------------------------+---------------------------+---------------------------+---------------------------+
|   [2, [0, 3, 7, 10], 2.0]    |    [4, [0, 4, 7], 2.0]    |  [4, [0, 3, 7, 10], 1.0]  |    [10, [0, 4, 7], 3.0]   |  [9, [0, 3, 7, 10], 3.0]  |
+------------------------------+---------------------------+---------------------------+---------------------------+---------------------------+
|     [0, [0, 4, 7], 3.0]      |    [7, [0, 3, 7], 1.0]    |    [11, [0, 3, 7], 2.0]   |    [7, [0, 4, 7], 3.0]    |    [10, [0, 4, 7], 2.0]   |
+------------------------------+---------------------------+---------------------------+---------------------------+---------------------------+
|     [0, [0, 4, 7], 3.0]      |    [2, [0, 3, 7], 1.0]    |    [7, [0, 4, 7], 3.0]    |    [10, [0, 4, 7], 2.0]   |    [0, [0, 4, 7], 3.0]    |
+------------------------------+---------------------------+---------------------------+---------------------------+---------------------------+
|     [2, [0, 3, 7], 1.0]      |    [7, [0, 4, 7], 3.0]    |    [10, [0, 4, 7], 2.0]   |    [0, [0, 4, 7], 4.0]    |    [7, [0, 4, 7], 3.0]    |
+------------------------------+---------------------------+---------------------------+---------------------------+---------------------------+
|     [10, [0, 4, 7], 1.0]     |    [9, [0, 3, 7], 4.0]    |    [5, [0, 4, 7], 1.0]    |    [10, [0, 4, 7], 3.0]   |  [9, [0, 3, 7, 10], 3.0]  |
+------------------------------+---------------------------+---------------------------+---------------------------+---------------------------+
|  [2, [0, 2, 3, 7, 10], 3.0]  |    [4, [0, 5, 7], 3.0]    |    [2, [0, 3, 7], 2.0]    |    [10, [0, 4, 7], 1.0]   |  [9, [0, 3, 7, 10], 3.0]  |
+------------------------------+---------------------------+---------------------------+---------------------------+---------------------------+
|     [0, [0, 4, 7], 3.0]      |    [2, [0, 4, 7], 3.0]    |    [10, [0, 4, 7], 3.0]   |  [9, [0, 3, 7, 10], 3.0]  |    [0, [0, 4, 7], 3.0]    |
+------------------------------+---------------------------+---------------------------+---------------------------+---------------------------+
|   [11, [0, 3, 7, 10], 3.0]   |    [2, [0, 3, 7], 1.0]    |    [10, [0, 4, 7], 2.0]   |    [0, [0, 4, 7], 6.0]    |    [2, [0, 4, 7], 3.0]    |
+------------------------------+---------------------------+---------------------------+---------------------------+---------------------------+
|     [7, [0, 4, 7], 3.0]      |    [10, [0, 4, 7], 2.0]   |    [0, [0, 4, 7], 4.0]    |    [7, [0, 4, 7], 3.0]    |    [10, [0, 4, 7], 2.0]   |
+------------------------------+---------------------------+---------------------------+---------------------------+---------------------------+
|     [0, [0, 4, 7], 3.0]      |    [2, [0, 3, 7], 1.0]    |    [7, [0, 4, 7], 3.0]    |    [10, [0, 4, 7], 1.0]   |    [0, [0, 4, 7], 4.0]    |
+------------------------------+---------------------------+---------------------------+---------------------------+---------------------------+
|     [2, [0, 3, 7], 1.0]      |    [7, [0, 4, 7], 3.0]    |    [10, [0, 4, 7], 2.0]   |    [9, [0, 3, 7], 4.0]    |    [5, [0, 4, 7], 3.0]    |
+------------------------------+---------------------------+---------------------------+---------------------------+---------------------------+
|     [11, [0, 3, 7], 1.0]     |    [3, [0, 4, 7], 2.0]    |  [2, [0, 3, 7, 10], 3.0]  |    [11, [0, 3, 7], 1.0]   |    [3, [0, 4, 7], 2.0]    |
+------------------------------+---------------------------+---------------------------+---------------------------+---------------------------+
|   [2, [0, 3, 7, 10], 3.0]    |    [11, [0, 3, 7], 1.0]   |    [3, [0, 4, 7], 2.0]    |  [2, [0, 3, 7, 10], 3.0]  |  [9, [0, 3, 7, 10], 6.0]  |
+------------------------------+---------------------------+---------------------------+---------------------------+---------------------------+
|     [10, [0, 4, 7], 3.0]     |  [9, [0, 3, 7, 10], 3.0]  |  [2, [0, 4, 7, 10], 3.0]  |  [4, [0, 4, 7, 10], 3.0]  |    [2, [0, 4, 7], 2.0]    |
+------------------------------+---------------------------+---------------------------+---------------------------+---------------------------+
|     [10, [0, 4, 7], 1.0]     |  [9, [0, 3, 7, 10], 3.0]  |    [0, [0, 4, 7], 3.0]    |    [2, [0, 4, 7], 3.0]    |    [10, [0, 4, 7], 3.0]   |
+------------------------------+---------------------------+---------------------------+---------------------------+---------------------------+
|   [9, [0, 3, 7, 10], 3.0]    |    [0, [0, 4, 7], 3.0]    |    [11, [0, 3, 7], 3.0]   |    [10, [0, 4, 7], 3.0]   |    [0, [0, 4, 7], 6.0]    |
+------------------------------+---------------------------+---------------------------+---------------------------+---------------------------+
|     [2, [0, 4, 7], 3.0]      |    [7, [0, 4, 7], 3.0]    |    [10, [0, 4, 7], 1.0]   |    [0, [0, 4, 7], 4.0]    |    [2, [0, 4, 7], 1.0]    |
+------------------------------+---------------------------+---------------------------+---------------------------+---------------------------+
|     [7, [0, 4, 7], 3.0]      |    [10, [0, 4, 7], 2.0]   |    [0, [0, 4, 7], 3.0]    |    [2, [0, 4, 7], 1.0]    |    [7, [0, 4, 7], 3.0]    |
+------------------------------+---------------------------+---------------------------+---------------------------+---------------------------+
|     [10, [0, 4, 7], 2.0]     |    [0, [0, 4, 7], 3.0]    |    [2, [0, 4, 7], 1.0]    |    [7, [0, 4, 7], 3.0]    |    [10, [0, 4, 7], 1.0]   |
+------------------------------+---------------------------+---------------------------+---------------------------+---------------------------+
|     [9, [0, 3, 7], 4.0]      |    [2, [0, 4, 7], 1.0]    |    [7, [0, 4, 7], 12.0]   |    [5, [0, 4, 7], 2.0]    |    [9, [0, 3, 7], 3.0]    |
+------------------------------+---------------------------+---------------------------+---------------------------+---------------------------+
|     [2, [0, 4, 7], 1.0]      |    [7, [0, 4, 7], 3.0]    |    [5, [0, 4, 7], 2.0]    |    [9, [0, 3, 7], 2.0]    |    [2, [0, 4, 7], 2.0]    |
+------------------------------+---------------------------+---------------------------+---------------------------+---------------------------+
|     [7, [0, 4, 7], 3.0]      |    [5, [0, 4, 7], 3.0]    |    [7, [0, 4, 7], 4.0]    |             []            |             []            |
+------------------------------+---------------------------+---------------------------+---------------------------+---------------------------+
